# name: debug
# type: sparse matrix
# nnz: 14400
# rows: 120
# columns: 120

1 1 125861.459
2 1 -133203.899
3 1 63378.8178
4 1 -4821861.79
5 1 -3209533.63
6 1 -238066.35
7 1 -53000.8443
8 1 60708.0271
9 1 -20306.056
10 1 1960826.4
11 1 954167.295
12 1 269177.468
13 1 -2889.67252
14 1 600.117397
15 1 -6269.35351
16 1 99405.7053
17 1 237947.264
18 1 6443.33113
19 1 -1293.14483
20 1 819.731113
21 1 -3786.81373
22 1 78372.7194
23 1 131854.015
24 1 1544.5663
25 1 -739.48279
26 1 921.47181
27 1 -2676.22609
28 1 68138.5398
29 1 85634.4889
30 1 5037.07592
31 1 -975.539838
32 1 -205.855391
33 1 -646.549369
34 1 33654.9077
35 1 27400.5072
36 1 2260.04898
37 1 -645.326295
38 1 -193.481845
39 1 124.56334
40 1 -21317.3911
41 1 11132.2456
42 1 -4156.49252
43 1 -486.02442
44 1 -126.335789
45 1 58.2276909
46 1 -14558.4349
47 1 8594.49604
48 1 -2058.02812
49 1 -284.450579
50 1 -43.5348397
51 1 21.5931648
52 1 -7814.5911
53 1 4520.18649
54 1 -279.607187
55 1 -245.813562
56 1 -39.2206646
57 1 18.9240001
58 1 -6709.45089
59 1 4033.79895
60 1 -125.02883
61 1 -484.012062
62 1 -103.0667
63 1 -486.236233
64 1 15983.8948
65 1 18636.0929
66 1 -612.798069
67 1 -486.798883
68 1 -98.5150742
69 1 -510.51046
70 1 15884.6486
71 1 19418.5531
72 1 -651.034825
73 1 -459.1253
74 1 -88.8270085
75 1 -500.87844
76 1 14844.3433
77 1 18919.3267
78 1 -758.458468
79 1 -445.623565
80 1 -80.8677266
81 1 -505.634253
82 1 14227.519
83 1 18963.3855
84 1 -803.117113
85 1 -395.097093
86 1 -59.6506774
87 1 -467.447861
88 1 12398.029
89 1 17461.0569
90 1 -703.703716
91 1 -328.599978
92 1 -46.5003895
93 1 -396.89344
94 1 10237.7309
95 1 14789.0167
96 1 -684.226478
97 1 -313.482347
98 1 -43.1756537
99 1 -378.942231
100 1 9725.3282
101 1 14034.0851
102 1 -636.995087
103 1 -288.646555
104 1 -41.0476585
105 1 -339.001846
106 1 8957.2925
107 1 12508.6828
108 1 -504.091787
109 1 -269.206317
110 1 -36.0145541
111 1 -323.989411
112 1 8254.33659
113 1 11874.8737
114 1 -439.610703
115 1 -254.23939
116 1 -34.7287554
117 1 -304.985138
118 1 7762.60797
119 1 11131.9478
120 1 -404.079576
1 2 -133203.899
2 2 278418.248
3 2 36054.5366
4 2 9615135.75
5 2 -687131.232
6 2 1337031.24
7 2 60693.7894
8 2 -121523.902
9 2 -11291.9127
10 2 -4019078.82
11 2 231692.365
12 2 -737586.356
13 2 -2621.29262
14 2 -4596.17992
15 2 -2108.87174
16 2 -141128.636
17 2 166369.503
18 2 -41399.2636
19 2 -1968.13721
20 2 -3846.69253
21 2 -1101.94208
22 2 -125463.418
23 2 114347.635
24 2 -35260.0618
25 2 -1718.5507
26 2 -3522.78856
27 2 -489.647907
28 2 -122064.983
29 2 84823.1262
30 2 -31256.1661
31 2 1926.86219
32 2 324.523703
33 2 -253.865059
34 2 -69089.2525
35 2 879.134523
36 2 -15745.3585
37 2 1064.12305
38 2 48.8971274
39 2 -1681.72185
40 2 71202.0525
41 2 26500.2155
42 2 9203.33979
43 2 678.002577
44 2 -15.4137184
45 2 -1219.78263
46 2 47889.9472
47 2 21934.8693
48 2 4445.80462
49 2 315.556247
50 2 -112.873842
51 2 -848.331676
52 2 28184.5394
53 2 19954.8693
54 2 80.3302772
55 2 270.274984
56 2 -109.522931
57 2 -761.715718
58 2 24625.0877
59 2 17963.6809
60 2 -610.325698
61 2 824.141809
62 2 102.19628
63 2 -129.237349
64 2 -28235.1948
65 2 1540.4113
66 2 -5544.29673
67 2 836.922518
68 2 99.4600882
69 2 -79.4402136
70 2 -28299.097
71 2 -405.668533
72 2 -5508.30019
73 2 783.740963
74 2 80.4178512
75 2 -55.236995
76 2 -26182.2776
77 2 -1086.52464
78 2 -5000.49462
79 2 763.099912
80 2 69.3895404
81 2 -25.5546004
82 2 -25169.1641
83 2 -2115.92559
84 2 -4820.75973
85 2 696.597824
86 2 52.962566
87 2 52.9894219
88 2 -22606.6529
89 2 -4668.8947
90 2 -4229.96016
91 2 571.190064
92 2 26.4436198
93 2 82.1431134
94 2 -18213.244
95 2 -5182.51672
96 2 -3151.73854
97 2 550.861672
98 2 28.4563147
99 2 87.4696346
100 2 -17513.625
101 2 -5181.34243
102 2 -3009.69643
103 2 512.582346
104 2 32.3825352
105 2 67.4024675
106 2 -16324.0284
107 2 -4234.13135
108 2 -2892.34417
109 2 488.949048
110 2 35.0706767
111 2 82.9951778
112 2 -15493.4972
113 2 -4735.08599
114 2 -2774.36999
115 2 462.423348
116 2 34.5767313
117 2 70.1515393
118 2 -14606.7943
119 2 -4202.0596
120 2 -2667.84494
1 3 63378.8178
2 3 36054.5366
3 3 343667.072
4 3 -8660.06482
5 3 -11261617.2
6 3 951904.327
7 3 -19928.8637
8 3 -11373.8474
9 3 -127532.272
10 3 -61864.3963
11 3 3623430.18
12 3 -248613.844
13 3 -5572.77929
14 3 -2812.45175
15 3 -19032.5398
16 3 181699.283
17 3 786450.956
18 3 -41532.6709
19 3 -3162.20994
20 3 -1793.5378
21 3 -12714.7667
22 3 132159.044
23 3 516945.952
24 3 -32622.0774
25 3 -2129.1207
26 3 -1195.64379
27 3 -8413.87416
28 3 87257.2215
29 3 338613.562
30 3 -19636.0414
31 3 -834.838399
32 3 46.4646518
33 3 -3229.26967
34 3 19788.7445
35 3 120424.991
36 3 -16839.8034
37 3 -340.029198
38 3 -634.135882
39 3 -1616.37314
40 3 27949.6346
41 3 64128.3031
42 3 -1673.55031
43 3 -277.358438
44 3 -449.184813
45 3 -1196.42123
46 3 20144.688
47 3 46818.5016
48 3 -1005.86163
49 3 -180.488479
50 3 -266.067333
51 3 -796.376908
52 3 13700.3502
53 3 29986.3627
54 3 -522.195725
55 3 -170.992425
56 3 -221.667658
57 3 -677.265813
58 3 11082.6437
59 3 25204.3319
60 3 -1004.51409
61 3 -527.978319
62 3 64.517869
63 3 -2314.48371
64 3 11956.0482
65 3 83432.9785
66 3 -12221.5666
67 3 -540.508784
68 3 89.1132862
69 3 -2397.80126
70 3 11973.6948
71 3 86102.1658
72 3 -12622.9377
73 3 -518.870707
74 3 104.774724
75 3 -2355.31681
76 3 11192.2044
77 3 84389.1757
78 3 -12435.7735
79 3 -511.416356
80 3 122.601652
81 3 -2365.21548
82 3 10730.0031
83 3 84441.3288
84 3 -12506.9944
85 3 -453.273837
86 3 158.404751
87 3 -2203.25599
88 3 8862.94938
89 3 78537.9104
90 3 -11738.2664
91 3 -383.704637
92 3 144.899751
93 3 -1849.90978
94 3 7374.8948
95 3 66026.345
96 3 -9786.68255
97 3 -359.416312
98 3 133.72998
99 3 -1735.09845
100 3 6959.97153
101 3 61505.2293
102 3 -9170.11787
103 3 -317.524289
104 3 105.873957
105 3 -1518.93242
106 3 6322.19179
107 3 53439.5144
108 3 -8003.88299
109 3 -293.68906
110 3 103.682796
111 3 -1421.23841
112 3 5739.29657
113 3 49644.6952
114 3 -7494.70883
115 3 -276.143662
116 3 93.8626287
117 3 -1329.40254
118 3 5430.078
119 3 46210.0082
120 3 -7022.64927
1 4 -4821861.79
2 4 9615135.75
3 4 -8660.06482
4 4 485649889
5 4 37834765.4
6 4 68853044.4
7 4 1974692.61
8 4 -4064136.85
9 4 -67414.1651
10 4 -204731955
11 4 -9577239.08
12 4 -33755973.9
13 4 -39323.1049
14 4 -167051.628
15 4 33359.0633
16 4 -6904122.04
17 4 1686132.62
18 4 -1638146.58
19 4 -45802.3827
20 4 -145205.524
21 4 24689.7295
22 4 -5870918
23 4 1725058.72
24 4 -1312090.76
25 4 -46221.249
26 4 -135937.649
27 4 27360.806
28 4 -5518593.23
29 4 1483559.52
30 4 -1203632.01
31 4 82248.1071
32 4 14362.9345
33 4 1265.72044
34 4 -3013835.62
35 4 -363429.782
36 4 -583279.371
37 4 46825.2559
38 4 5091.0085
39 4 -59359.4952
40 4 2737853.19
41 4 731098.734
42 4 382599.666
43 4 31231.0451
44 4 1828.36001
45 4 -42435.1611
46 4 1842111.5
47 4 607958.141
48 4 181691.88
49 4 15356.5648
50 4 -2980.76105
51 4 -29045.3619
52 4 1052240.91
53 4 609527.886
54 4 2653.80811
55 4 13071.976
56 4 -2990.55233
57 4 -26023.6231
58 4 913757.464
59 4 549779.648
60 4 -22752.5846
61 4 36281.8054
62 4 5211.7268
63 4 2471.49799
64 4 -1285379.16
65 4 -192547.781
66 4 -187667.728
67 4 36770.4568
68 4 5077.43559
69 4 4474.74747
70 4 -1285433.25
71 4 -268787.063
72 4 -186019.139
73 4 34527.2233
74 4 4303.26223
75 4 5002.37737
76 4 -1195877.69
77 4 -279327.495
78 4 -167343.16
79 4 33644.3412
80 4 3825.75514
81 4 6001.69342
82 4 -1152200.58
83 4 -312153.175
84 4 -160685.39
85 4 30442.6097
86 4 2930.28361
87 4 8119.86479
88 4 -1030376.19
89 4 -377031.826
90 4 -141595.093
91 4 25018.8645
92 4 1815.53803
93 4 7985.3749
94 4 -843045.187
95 4 -351906.302
96 4 -104917.102
97 4 24078.3266
98 4 1821.41528
99 4 8056.35352
100 4 -810411.378
101 4 -346194.718
102 4 -100343.562
103 4 22362.7492
104 4 1872.46001
105 4 6920.32608
106 4 -755698.316
107 4 -296907.313
108 4 -97526.4075
109 4 21239.7758
110 4 1878.71034
111 4 7299.84117
112 4 -715416.857
113 4 -307483.78
114 4 -94263.7985
115 4 20097.4158
116 4 1834.43536
117 4 6630.64679
118 4 -676478.837
119 4 -280383.564
120 4 -90940.993
1 5 -3209533.63
2 5 -687131.232
3 5 -11261617.2
4 5 37834765.4
5 5 565106735
6 5 -59200846.4
7 5 966030.104
8 5 226356.782
9 5 3659666.99
10 5 -10327495.7
11 5 -193445125
12 5 19446580.4
13 5 257334.896
14 5 117799.34
15 5 807455.747
16 5 -7653865.04
17 5 -33650290.7
18 5 1340727.86
19 5 139319.903
20 5 72947.2366
21 5 529373.438
22 5 -5561459.12
23 5 -21649649.3
24 5 1158830.6
25 5 94420.9623
26 5 47991.6144
27 5 351507.494
28 5 -3707811.21
29 5 -14221742.5
30 5 672383.233
31 5 36162.5614
32 5 -714.630646
33 5 130188.987
34 5 -907785.802
35 5 -4865671.04
36 5 664374.705
37 5 16459.3548
38 5 25709.5674
39 5 65716.1174
40 5 -1074413.87
41 5 -2637858.49
42 5 68872.3117
43 5 13809.9405
44 5 18188.3062
45 5 49250.3413
46 5 -776446.273
47 5 -1948108.71
48 5 34944.042
49 5 8911.12772
50 5 10655.9012
51 5 33050.3811
52 5 -540675.617
53 5 -1251304.1
54 5 11661.0821
55 5 8099.44866
56 5 8752.02669
57 5 27768.1037
58 5 -433224.076
59 5 -1038885.91
60 5 33753.0641
61 5 22285.2325
62 5 -1573.25596
63 5 92852.3551
64 5 -532230.729
65 5 -3349093.72
66 5 486910.458
67 5 22758.5081
68 5 -2522.65757
69 5 96042.025
70 5 -532230.172
71 5 -3449605.77
72 5 502126.446
73 5 21830.6475
74 5 -3111.23109
75 5 94264.8657
76 5 -498963.473
77 5 -3377457.77
78 5 494629.168
79 5 21499.2449
80 5 -3796.39339
81 5 94568.7935
82 5 -479419.99
83 5 -3375376.7
84 5 497091.786
85 5 19038.3249
86 5 -5321.54554
87 5 87791.937
88 5 -399273.942
89 5 -3128398.02
90 5 464691.722
91 5 16116.4007
92 5 -4862.33572
93 5 73644.8855
94 5 -334478.221
95 5 -2627165.16
96 5 387125.642
97 5 15123.9138
98 5 -4511.58855
99 5 69155.9732
100 5 -315801.64
101 5 -2450707.04
102 5 362967.055
103 5 13405.4471
104 5 -3528.7514
105 5 60677.3606
106 5 -286984.428
107 5 -2134783.18
108 5 317229.146
109 5 12381.2782
110 5 -3535.57866
111 5 56784.4495
112 5 -260014.751
113 5 -1983295.88
114 5 296939.1
115 5 11652.6713
116 5 -3192.775
117 5 53208.5246
118 5 -245887.578
119 5 -1849216.24
120 5 278558.384
1 6 -238066.35
2 6 1337031.24
3 6 951904.327
4 6 68853044.4
5 6 -59200846.4
6 6 60380023
7 6 272371.089
8 6 -745516.205
9 6 -250071.624
10 6 -33636650
11 6 19686473.9
12 6 -26035111.7
13 6 -22816.3967
14 6 -41270.6199
15 6 -111845.282
16 6 277314.848
17 6 5095687.05
18 6 -1025560.55
19 6 -22625.6019
20 6 -34541.327
21 6 -86288.7102
22 6 137961.969
23 6 3975631.04
24 6 -763992.823
25 6 -17637.7101
26 6 -29274.9013
27 6 -55014.0391
28 6 -175703.766
29 6 2651015
30 6 -607022.143
31 6 14827.5497
32 6 3302.49026
33 6 -14491.7515
34 6 -560228.134
35 6 415356.302
36 6 -290415.356
37 6 4826.80277
38 6 -6087.87055
39 6 -22371.8109
40 6 689677.327
41 6 686138.613
42 6 154154.14
43 6 1810.68688
44 6 -5468.42997
45 6 -15654.1175
46 6 433195.652
47 6 530091.735
48 6 87882.0037
49 6 -1044.5786
50 6 -4904.66551
51 6 -10372.0656
52 6 219371.206
53 6 415905.097
54 6 27342.0455
55 6 -1606.09793
56 6 -4279.96885
57 6 -8808.87345
58 6 164611.519
59 6 360298.912
60 6 8644.93727
61 6 3980.8764
62 6 921.900937
63 6 -10236.212
64 6 -157529.36
65 6 321227.903
66 6 -121599.912
67 6 4188.07557
68 6 929.063162
69 6 -10252.0508
70 6 -163166.106
71 6 319193.462
72 6 -123108.36
73 6 3843.57358
74 6 813.58531
75 6 -9659.04002
76 6 -148878.046
77 6 299219.291
78 6 -115174.632
79 6 3841.81248
80 6 808.639756
81 6 -9442.07993
82 6 -147442.122
83 6 290356.979
84 6 -113320.957
85 6 3943.6997
86 6 871.569317
87 6 -7918.60611
88 6 -147237.577
89 6 238723.127
90 6 -102855.8
91 6 3177.65891
92 6 571.086366
93 6 -5804.37757
94 6 -115892.249
95 6 169946.523
96 6 -80640.1924
97 6 3166.59806
98 6 592.700183
99 6 -5452.97678
100 6 -114197
101 6 158302.8
102 6 -76335.3822
103 6 3049.29512
104 6 597.619919
105 6 -4887.36447
106 6 -109169.7
107 6 140204.124
108 6 -70155.0813
109 6 3011.543
110 6 582.293477
111 6 -4646.39466
112 6 -107164.815
113 6 132140.925
114 6 -66854.2225
115 6 2867.55909
116 6 545.276775
117 6 -4470.10304
118 6 -101765.445
119 6 126275.556
120 6 -63455.2098
1 7 -53000.8443
2 7 60693.7894
3 7 -19928.8637
4 7 1974692.61
5 7 966030.104
6 7 272371.089
7 7 97840.9089
8 7 -97705.0145
9 7 71559.2124
10 7 -3772408.36
11 7 -3163972.26
12 7 -327721.397
13 7 -5255.92011
14 7 907.967285
15 7 -12120.1088
16 7 185685.34
17 7 461335.362
18 7 9225.61436
19 7 -2295.78763
20 7 1220.66889
21 7 -6683.97236
22 7 132071.694
23 7 236220.218
24 7 6344.62027
25 7 -1251.42336
26 7 1615.9137
27 7 -4561.25842
28 7 118228.373
29 7 145509.589
30 7 13635.4941
31 7 -1772.76736
32 7 -388.999792
33 7 -757.475243
34 7 62349.2277
35 7 34839.2068
36 7 7757.36651
37 7 -1278.51545
38 7 -421.482596
39 7 480.080774
40 7 -49044.5459
41 7 17536.8026
42 7 -11561.4861
43 7 -803.830641
44 7 -224.084418
45 7 246.210561
46 7 -28584.3128
47 7 11210.7172
48 7 -5834.75657
49 7 -459.192592
50 7 -84.6556239
51 7 136.643769
52 7 -15665.169
53 7 5352.74342
54 7 -2148.2978
55 7 -314.248213
56 7 -40.4533302
57 7 99.3926461
58 7 -10609.8052
59 7 3020.93454
60 7 -1316.60464
61 7 -584.132144
62 7 -124.723765
63 7 -552.790322
64 7 19330.1064
65 7 21337.7568
66 7 -298.166132
67 7 -578.837782
68 7 -118.584978
69 7 -576.796605
70 7 18934.9327
71 7 22054.9613
72 7 -416.811588
73 7 -555.234993
74 7 -109.137095
75 7 -572.517503
76 7 17997.0296
77 7 21736.0603
78 7 -524.112071
79 7 -525.351281
80 7 -95.5901795
81 7 -580.716398
82 7 16765.1418
83 7 21820.5656
84 7 -696.619345
85 7 -457.693179
86 7 -68.773156
87 7 -535.627265
88 7 14341.3211
89 7 20023.3463
90 7 -647.02113
91 7 -392.327864
92 7 -55.1152603
93 7 -468.396652
94 7 12195.3968
95 7 17460.3706
96 7 -633.750015
97 7 -370.568983
98 7 -52.8076418
99 7 -439.418868
100 7 11493.7915
101 7 16238.0661
102 7 -608.892393
103 7 -345.743967
104 7 -50.2189136
105 7 -401.516106
106 7 10709.9698
107 7 14772.472
108 7 -485.763918
109 7 -303.458435
110 7 -41.1387884
111 7 -367.895224
112 7 9264.01868
113 7 13411.2236
114 7 -516.048531
115 7 -287.938218
116 7 -39.1823476
117 7 -350.949293
118 7 8741.40569
119 7 12728.9181
120 7 -492.999698
1 8 60708.0271
2 8 -121523.902
3 8 -11373.8474
4 8 -4064136.85
5 8 226356.782
6 8 -745516.205
7 8 -97705.0145
8 8 226390.336
9 8 25621.3759
10 8 7998625.87
11 8 -835183.225
12 8 1531291.89
13 8 -5112.81666
14 8 -8713.55957
15 8 -4748.31858
16 8 -256596.84
17 8 344555.967
18 8 -85144.4303
19 8 -3348.05587
20 8 -6397.31263
21 8 -1924.02647
22 8 -209297.08
23 8 194783.874
24 8 -67488.5953
25 8 -3049.01114
26 8 -6138.47205
27 8 -559.353355
28 8 -219210.414
29 8 137671.072
30 8 -62462.1081
31 8 3768.29162
32 8 736.178974
33 8 -378.484009
34 8 -135808.548
35 8 -2976.5823
36 8 -31020.5421
37 8 2523.07369
38 8 449.668672
39 8 -2964.26215
40 8 146243.457
41 8 26738.9403
42 8 25809.5817
43 8 1394.86558
44 8 130.363523
45 8 -1930.27538
46 8 86346.0668
47 8 25202.0717
48 8 12541.6475
49 8 692.926545
50 8 -77.3834946
51 8 -1300.19096
52 8 49950.7978
53 8 24587.0754
54 8 4018.61832
55 8 421.585696
56 8 -138.399708
57 8 -1031.94389
58 8 35436.5177
59 8 23364.3379
60 8 2261.80688
61 8 1029.63497
62 8 143.225686
63 8 -141.329139
64 8 -35316.3214
65 8 1058.31529
66 8 -7184.50677
67 8 1025.10845
68 8 136.659539
69 8 -89.7141713
70 8 -34728.7115
71 8 -853.220876
72 8 -6946.83614
73 8 982.358307
74 8 118.766388
75 8 -57.3696724
76 8 -32887.2669
77 8 -1846.59017
78 8 -6462.35063
79 8 925.072697
80 8 94.7108712
81 8 -10.2682448
82 8 -30481.289
83 8 -3310.94584
84 8 -5970.4929
85 8 825.889263
86 8 71.3518772
87 8 86.8798205
88 8 -26786.2155
89 8 -6373.17116
90 8 -5069.40334
91 8 703.206284
92 8 43.9472995
93 8 126.055837
94 8 -22428.0857
95 8 -7229.51973
96 8 -3956.94922
97 8 669.855379
98 8 47.1120511
99 8 116.216153
100 8 -21331.9308
101 8 -6552.11613
102 8 -3718.49947
103 8 631.807218
104 8 50.2554122
105 8 102.56554
106 8 -20112.7641
107 8 -5808.87985
108 8 -3565.61545
109 8 559.784574
110 8 41.3243513
111 8 108.009749
112 8 -17623.9443
113 8 -5791.19571
114 8 -3065.51124
115 8 532.451981
116 8 39.5864652
117 8 103.613832
118 8 -16676.4066
119 8 -5521.72179
120 8 -2907.69972
1 9 -20306.056
2 9 -11291.9127
3 9 -127532.272
4 9 -67414.1651
5 9 3659666.99
6 9 -250071.624
7 9 71559.2124
8 9 25621.3759
9 9 322283.14
10 9 -186674.932
11 9 -11375282
12 9 1238257.26
13 9 -10858.0035
14 9 -6310.07812
15 9 -41153.2703
16 9 397192.394
17 9 1700096.93
18 9 -94071.3636
19 9 -5519.22805
20 9 -3242.20508
21 9 -23164.0282
22 9 243983.667
23 9 940116.568
24 9 -59071.9316
25 9 -3502.15888
26 9 -1750.05697
27 9 -13704.3042
28 9 147901.58
29 9 548402.316
30 9 -29207.1578
31 9 -1255.57625
32 9 -22.1606482
33 9 -3849.92033
34 9 32891.1113
35 9 144773.377
36 9 -17220.6449
37 9 -624.674173
38 9 -963.648268
39 9 -2080.1961
40 9 29561.2233
41 9 89311.1573
42 9 -5666.91664
43 9 -444.552363
44 9 -651.805043
45 9 -1479.3405
46 9 21385.49
47 9 62098.3353
48 9 -3237.59564
49 9 -282.68559
50 9 -399.745041
51 9 -997.548047
52 9 15111.3647
53 9 40239.4183
54 9 -1784.764
55 9 -223.235817
56 9 -316.405197
57 9 -799.265176
58 9 12151.6826
59 9 31731.014
60 9 -1577.75088
61 9 -608.65999
62 9 67.0336793
63 9 -2600.38704
64 9 13937.1336
65 9 93724.8802
66 9 -13550.47
67 9 -615.119571
68 9 92.8175604
69 9 -2680.97328
70 9 13749.1343
71 9 96228.9276
72 9 -13972.6071
73 9 -596.166258
74 9 109.722373
75 9 -2650.51934
76 9 13010.929
77 9 94888.5896
78 9 -13832.0848
79 9 -581.737714
80 9 130.897073
81 9 -2656.72009
82 9 12291.4607
83 9 94750.2924
84 9 -13922.6783
85 9 -507.482473
86 9 174.280759
87 9 -2462.6726
88 9 9897.61141
89 9 87720.3178
90 9 -13028.4855
91 9 -438.196781
92 9 161.184085
93 9 -2108.35579
94 9 8411.22172
95 9 75142.8245
96 9 -11054.3526
97 9 -408.020094
98 9 138.511807
99 9 -1942.28658
100 9 8034.96822
101 9 68625.1318
102 9 -10165.6926
103 9 -365.924653
104 9 110.085868
105 9 -1722.32326
106 9 7400.62582
107 9 60393.0453
108 9 -8969.37755
109 9 -329.512045
110 9 104.937244
111 9 -1562.14289
112 9 6565.87339
113 9 54366.8803
114 9 -8197.88967
115 9 -311.145897
116 9 95.2685547
117 9 -1466.85485
118 9 6234.39957
119 9 50797.0151
120 9 -7703.2403
1 10 1960826.4
2 10 -4019078.82
3 10 -61864.3963
4 10 -204731955
5 10 -10327495.7
6 10 -33636650
7 10 -3772408.36
8 10 7998625.87
9 10 -186674.932
10 10 385638493
11 10 27191468.6
12 10 64077508.3
13 10 -83627.9603
14 10 -309622.469
15 10 43837.2153
16 10 -12253412.9
17 10 3858405.07
18 10 -3197600.56
19 10 -74626.3929
20 10 -235899.583
21 10 46318.2673
22 10 -9552740.68
23 10 2616110.96
24 10 -2506897.95
25 10 -81685.7583
26 10 -234283.145
27 10 56807.0067
28 10 -9590934.73
29 10 2219207.26
30 10 -2416717.92
31 10 157382.296
32 10 31170.3694
33 10 -925.815152
34 10 -5733204.47
35 10 -620917.435
36 10 -1186403.86
37 10 105750.426
38 10 22421.1849
39 10 -107742.409
40 10 5685580.57
41 10 628483.529
42 10 1073376.44
43 10 59878.0126
44 10 8279.43292
45 10 -68751.4656
46 10 3330223.33
47 10 672145.171
48 10 523302.531
49 10 30375.0014
50 10 -1164.56864
51 10 -45591.4821
52 10 1884956.69
53 10 749173.705
54 10 169033.694
55 10 19263.641
56 10 -3855.59997
57 10 -36237.2445
58 10 1336483.7
59 10 742274.056
60 10 98769.7171
61 10 44661.3576
62 10 6912.10099
63 10 3208.44767
64 10 -1572620.66
65 10 -253202.17
66 10 -245938.767
67 10 44404.8123
68 10 6619.24299
69 10 5246.89695
70 10 -1544947.67
71 10 -326210.303
72 10 -235943.57
73 10 42606.3557
74 10 5898.13334
75 10 6116.26735
76 10 -1467339.91
77 10 -349520.452
78 10 -218278.276
79 10 40244.3449
80 10 4903.944
81 10 7726.59254
82 10 -1367576.56
83 10 -396573.724
84 10 -199052.861
85 10 35628.1528
86 10 3682.14379
87 10 10331.9208
88 10 -1197078.16
89 10 -472750.206
90 10 -168700.947
91 10 30347.9383
92 10 2542.45049
93 10 10544.9722
94 10 -1012460.21
95 10 -459505.77
96 10 -131271.017
97 10 28923.1318
98 10 2593.01518
99 10 10028.6062
100 10 -965091.612
101 10 -427592.443
102 10 -123283.476
103 10 27224.2734
104 10 2612.27067
105 10 9131.38275
106 10 -909445.429
107 10 -385801.005
108 10 -119224.464
109 10 24131.5554
110 10 2168.11783
111 10 8880.5473
112 10 -802288.26
113 10 -367681.96
114 10 -101736.883
115 10 22957.4442
116 10 2073.11516
117 10 8527.11113
118 10 -760974.169
119 10 -350322.724
120 10 -96539.6133
1 11 954167.295
2 11 231692.365
3 11 3623430.18
4 11 -9577239.08
5 11 -193445125
6 11 19686473.9
7 11 -3163972.26
8 11 -835183.225
9 11 -11375282
10 11 27191468.6
11 11 528081989
12 11 -61511468.7
13 11 490511.227
14 11 261995.062
15 11 1722156.93
16 11 -16453745.2
17 11 -71557420.9
18 11 3248617.73
19 11 242765.154
20 11 132464.782
21 11 957425.453
22 11 -10090521.7
23 11 -39066050.4
24 11 2066334.74
25 11 156178.201
26 11 70214.6699
27 11 570207.992
28 11 -6198534.95
29 11 -22938708.8
30 11 937973.914
31 11 54091.8557
32 11 2280.12516
33 11 154243.891
34 11 -1476890.47
35 11 -5817242.5
36 11 662657.604
37 11 28437.2443
38 11 39082.6341
39 11 83240.985
40 11 -1096396.25
41 11 -3632293.19
42 11 250141.498
43 11 20623.4737
44 11 26324.1468
45 11 59950.5529
46 11 -806774.912
47 11 -2546805.36
48 11 135284.602
49 11 13054.9571
50 11 15990.5515
51 11 40718.1546
52 11 -585865.521
53 11 -1653295.58
54 11 67314.8108
55 11 10360.3753
56 11 12604.7736
57 11 32360.4187
58 11 -463797.793
59 11 -1297750.6
60 11 61668.68
61 11 25409.3579
62 11 -1553.40393
63 11 103529.701
64 11 -611277.566
65 11 -3733330.87
66 11 535100.858
67 11 25603.7563
68 11 -2545.38306
69 11 106567.311
70 11 -601985.502
71 11 -3825636.61
72 11 551239.133
73 11 24794.5227
74 11 -3173.52936
75 11 105271.937
76 11 -570934.864
77 11 -3768449.83
78 11 545529.286
79 11 24182.4645
80 11 -3979.65737
81 11 105404.685
82 11 -541092.771
83 11 -3758008.31
84 11 548859.86
85 11 21070.6247
86 11 -5811.25295
87 11 97313.9747
88 11 -439568.872
89 11 -3464789.48
90 11 511442.737
91 11 18197.4744
92 11 -5369.73758
93 11 83236.4376
94 11 -375821.931
95 11 -2964850.15
96 11 433435.171
97 11 16968.0382
98 11 -4597.73849
99 11 76847.0826
100 11 -357896.708
101 11 -2714230.91
102 11 399516.555
103 11 15258.4417
104 11 -3604.04438
105 11 68295.8979
106 11 -329473.473
107 11 -2394633.36
108 11 352985.088
109 11 13699.6251
110 11 -3512.10251
111 11 61993.3367
112 11 -290999.115
113 11 -2156925.12
114 11 323050.157
115 11 12947.2979
116 11 -3180.57032
117 11 58313.6023
118 11 -276161.185
119 11 -2018736.78
120 11 303929.007
1 12 269177.468
2 12 -737586.356
3 12 -248613.844
4 12 -33755973.9
5 12 19446580.4
6 12 -26035111.7
7 12 -327721.397
8 12 1531291.89
9 12 1238257.26
10 12 64077508.3
11 12 -61511468.7
12 12 50557274.9
13 12 -48643.1508
14 12 -89148.1115
15 12 -244869.337
16 12 702608.474
17 12 11073087
18 12 -2059171.15
19 12 -41452.4371
20 12 -67528.7577
21 12 -150315.05
22 12 -7797.56165
23 12 6991549.74
24 12 -1331047.08
25 12 -32044.9984
26 12 -56837.1609
27 12 -81556.3981
28 12 -753809.618
29 12 4138372.82
30 12 -1083948.2
31 12 31121.9166
32 12 6658.20285
33 12 -15904.8214
34 12 -1143402.22
35 12 371745.263
36 12 -466400.302
37 12 15446.4091
38 12 -4829.52482
39 12 -35807.2733
40 12 1337447.57
41 12 848842.567
42 12 365452.506
43 12 6890.17027
44 12 -5596.39272
45 12 -23754.1947
46 12 778248.824
47 12 673949.978
48 12 193439.478
49 12 1282.74507
50 12 -5762.68221
51 12 -15669.0518
52 12 413932.095
53 12 543392.608
54 12 80660.7753
55 12 186.159417
56 12 -5217.8579
57 12 -13238.053
58 12 319667.808
59 12 475647.504
60 12 51846.4305
61 12 5552.50315
62 12 1288.81621
63 12 -11252.7952
64 12 -214642.871
65 12 346068.634
66 12 -145040.218
67 12 5550.52543
68 12 1247.03775
69 12 -11213.1725
70 12 -212400.66
71 12 342952.143
72 12 -144009.697
73 12 5287.80784
74 12 1140.28906
75 12 -10592.0524
76 12 -200378.729
77 12 321347.165
78 12 -136529.524
79 12 5046.47243
80 12 1050.94843
81 12 -10203.2705
82 12 -189393.435
83 12 307384.611
84 12 -131954.169
85 12 4958.82987
86 12 1083.24491
87 12 -8342.16114
88 12 -182232.507
89 12 245797.901
90 12 -117101.689
91 12 4226.78781
92 12 774.895462
93 12 -6128.56726
94 12 -151493.878
95 12 173442.865
96 12 -94570.2466
97 12 4023.36828
98 12 782.385519
99 12 -5902.98628
100 12 -143517.283
101 12 167790.335
102 12 -88029.1797
103 12 3913.23929
104 12 780.465326
105 12 -5264.65056
106 12 -138373.265
107 12 147235.641
108 12 -81438.3012
109 12 3414.97686
110 12 609.307899
111 12 -4912.29052
112 12 -119727.482
113 12 137401.272
114 12 -72922.4365
115 12 3279.92683
116 12 563.526561
117 12 -4626.7226
118 12 -114240.82
119 12 127947.811
120 12 -68872.3304
1 13 -2889.67252
2 13 -2621.29262
3 13 -5572.77929
4 13 -39323.1049
5 13 257334.896
6 13 -22816.3967
7 13 -5255.92011
8 13 -5112.81666
9 13 -10858.0035
10 13 -83627.9603
11 13 490511.227
12 13 -48643.1508
13 13 81958.6336
14 13 78015.4909
15 13 69987.9693
16 13 2187594.76
17 13 -4400965.19
18 13 767442.844
19 13 -33329.04
20 13 -32011.9068
21 13 -22103.5634
22 13 -991229.485
23 13 1571949.73
24 13 -317703.458
25 13 -20417.7141
26 13 -23686.298
27 13 -12024.7725
28 13 -750054.015
29 13 960137.162
30 13 -213402.054
31 13 -1053.19571
32 13 -492.654169
33 13 -633.869857
34 13 38799.1646
35 13 26664.6117
36 13 4238.26604
37 13 -3162.57332
38 13 -1513.36398
39 13 -3051.35326
40 13 -15722.3417
41 13 167002.75
42 13 -18568.6112
43 13 -2727.86988
44 13 -1226.15793
45 13 -2922.87335
46 13 -4293.16142
47 13 147484.65
48 13 -12828.9043
49 13 -2118.88448
50 13 -891.598463
51 13 -2413.42656
52 13 1372.45725
53 13 115403.393
54 13 -8260.35768
55 13 -1518.71163
56 13 -642.76081
57 13 -1592.38264
58 13 -2087.22772
59 13 78622.3846
60 13 -4903.67193
61 13 -357.246929
62 13 -181.839968
63 13 -211.785188
64 13 13419.1961
65 13 8846.68732
66 13 495.113873
67 13 -337.762281
68 13 -166.667624
69 13 -183.876368
70 13 12553.6451
71 13 7600.98823
72 13 600.90825
73 13 -314.85111
74 13 -160.339878
75 13 -195.678898
76 13 11679.0609
77 13 7765.8027
78 13 389.788501
79 13 -282.964479
80 13 -148.119151
81 13 -175.038487
82 13 10524.9895
83 13 6842.91107
84 13 342.445456
85 13 -234.297944
86 13 -120.285398
87 13 -131.241534
88 13 8686.33243
89 13 5395.99889
90 13 462.039074
91 13 -215.433216
92 13 -114.668352
93 13 -119.530987
94 13 8020.51389
95 13 4905.10056
96 13 388.824512
97 13 -201.015549
98 13 -106.168816
99 13 -114.713999
100 13 7434.19876
101 13 4687.3727
102 13 316.301424
103 13 -193.180144
104 13 -103.498242
105 13 -108.431796
106 13 7139.25861
107 13 4432.10906
108 13 314.721656
109 13 -171.491468
110 13 -91.2424233
111 13 -96.1733096
112 13 6261.07748
113 13 3834.82917
114 13 302.488539
115 13 -163.647623
116 13 -87.7342789
117 13 -92.9116717
118 13 5972.52353
119 13 3708.87365
120 13 241.860434
1 14 600.117397
2 14 -4596.17992
3 14 -2812.45175
4 14 -167051.628
5 14 117799.34
6 14 -41270.6199
7 14 907.967285
8 14 -8713.55957
9 14 -6310.07812
10 14 -309622.469
11 14 261995.062
12 14 -89148.1115
13 14 78015.4909
14 14 202748.073
15 14 -9696.84678
16 14 7449534.04
17 14 -3143740.78
18 14 1361866.26
19 14 -33341.8664
20 14 -96466.7593
21 14 15401.5436
22 14 -3603627.44
23 14 1087025.7
24 14 -579085.899
25 14 -24982.0982
26 14 -64606.9544
27 14 5390.79344
28 14 -2349279.51
29 14 918942.046
30 14 -400503.037
31 14 -1692.04284
32 14 -678.989797
33 14 478.486791
34 14 62937.1696
35 14 -8672.1799
36 14 17012.0564
37 14 -3657.30501
38 14 -2590.75782
39 14 -1412.10632
40 14 -79074.4895
41 14 160615.172
42 14 -34838.2171
43 14 -2674.22506
44 14 -1951.02077
45 14 -1291.938
46 14 -49468.1934
47 14 123999.067
48 14 -22411.537
49 14 -1826.68162
50 14 -1334.14245
51 14 -960.401761
52 14 -30759.3965
53 14 85821.8517
54 14 -13062.4109
55 14 -1460.90791
56 14 -1078.01592
57 14 -541.931533
58 14 -29378.5777
59 14 62816.786
60 14 -8430.26662
61 14 -557.949391
62 14 -248.7307
63 14 173.184797
64 14 21461.8956
65 14 -3519.81249
66 14 4187.50775
67 14 -538.44803
68 14 -232.02962
69 14 201.942773
70 14 20523.8981
71 14 -4794.77302
72 14 4338.57464
73 14 -490.295704
74 14 -219.443584
75 14 200.778983
76 14 18800.3247
77 14 -5046.66008
78 14 3976.44362
79 14 -440.821664
80 14 -203.013258
81 14 209.910091
82 14 17012.1697
83 14 -5622.62297
84 14 3738.06602
85 14 -375.989741
86 14 -165.731135
87 14 133.229723
88 14 14231.32
89 14 -3085.54063
90 14 3106.958
91 14 -338.830171
92 14 -157.235937
93 14 141.643058
94 14 12937.7869
95 14 -3497.75202
96 14 2830.30586
97 14 -315.065802
98 14 -145.842057
99 14 142.133542
100 14 11985.3282
101 14 -3559.7208
102 14 2608.62045
103 14 -302.000217
104 14 -143.218716
105 14 148.317708
106 14 11514.7775
107 14 -3795.10976
108 14 2536.9698
109 14 -266.488277
110 14 -121.99719
111 14 128.361154
112 14 10002.9866
113 14 -3336.65086
114 14 2218.86566
115 14 -254.291356
116 14 -116.832596
117 14 127.672995
118 14 9553.16049
119 14 -3305.00245
120 14 2043.28865
1 15 -6269.35351
2 15 -2108.87174
3 15 -19032.5398
4 15 33359.0633
5 15 807455.747
6 15 -111845.282
7 15 -12120.1088
8 15 -4748.31858
9 15 -41153.2703
10 15 43837.2153
11 15 1722156.93
12 15 -244869.337
13 15 69987.9693
14 15 -9696.84678
15 15 312968.545
16 15 -4916443.54
17 15 -11907243.7
18 15 694323.635
19 15 -22812.138
20 15 11905.6409
21 15 -116657.978
22 15 2123432.21
23 15 4211078.55
24 15 -207012.685
25 15 -10828.7475
26 15 8021.98557
27 15 -65538.2391
28 15 1259824.58
29 15 2323463.88
30 15 -115224.24
31 15 -934.982122
32 15 185.694665
33 15 -7164.4075
34 15 12164.495
35 15 254241.531
36 15 -45497.3417
37 15 -1960.97652
38 15 -1997.98671
39 15 -7384.53574
40 15 123429.79
41 15 273210.471
42 15 -5352.67516
43 15 -2227.45174
44 15 -1688.32288
45 15 -6193.23774
46 15 87688.7243
47 15 235455.222
48 15 -8486.73235
49 15 -1916.03221
50 15 -1185.25648
51 15 -4679.61669
52 15 60860.7581
53 15 176754.172
54 15 -8242.02968
55 15 -1163.3143
56 15 -749.734996
57 15 -3230.60046
58 15 46341.8522
59 15 116979.93
60 15 -3589.0861
61 15 -242.131149
62 15 40.9192014
63 15 -2164.02308
64 15 3358.39388
65 15 75225.1946
66 15 -13596.5291
67 15 -216.711437
68 15 54.532513
69 15 -2119.30212
70 15 2506.57298
71 15 73102.6371
72 15 -13466.1875
73 15 -223.776144
74 15 48.7318754
75 15 -2136.92135
76 15 2750.08714
77 15 72990.7475
78 15 -13531.9738
79 15 -199.765269
80 15 54.1893384
81 15 -2019.27165
82 15 2141.71385
83 15 68447.4133
84 15 -12996.1446
85 15 -128.685377
86 15 34.6284738
87 15 -1388.64454
88 15 1365.94074
89 15 47493.1906
90 15 -8991.36505
91 15 -128.920424
92 15 32.259199
93 15 -1325.8543
94 15 1500.00266
95 15 45167.3043
96 15 -8496.99805
97 15 -127.548424
98 15 28.2231795
99 15 -1275.09145
100 15 1602.48861
101 15 43141.7514
102 15 -8033.14177
103 15 -124.886485
104 15 28.2999511
105 15 -1246.20413
106 15 1564.10447
107 15 41984.2653
108 15 -7800.9289
109 15 -107.900282
110 15 18.5959691
111 15 -1063.13227
112 15 1454.4855
113 15 35434.0024
114 15 -6742.37927
115 15 -104.604722
116 15 15.1319958
117 15 -1017.2646
118 15 1459.17931
119 15 33746.903
120 15 -6384.05625
1 16 99405.7053
2 16 -141128.636
3 16 181699.283
4 16 -6904122.04
5 16 -7653865.04
6 16 277314.848
7 16 185685.34
8 16 -256596.84
9 16 397192.394
10 16 -12253412.9
11 16 -16453745.2
12 16 702608.474
13 16 2187594.76
14 16 7449534.04
15 16 -4916443.54
16 16 357976523
17 16 56763056.2
18 16 45067433.8
19 16 -1038578.2
20 16 -3593680.83
21 16 2215343.1
22 16 -165069120
23 16 -20613255.7
24 16 -20680107.2
25 16 -831949.843
26 16 -2428855.24
27 16 1175734.44
28 16 -106273900
29 16 -102900.383
30 16 -14510202.3
31 16 -52398.0459
32 16 -31573.8126
33 16 135330.761
34 16 2248801.33
35 16 -4404789.03
36 16 1434280.87
37 16 -118813.827
38 16 -67458.1173
39 16 48392.4412
40 16 -4985823.88
41 16 2388129.23
42 16 -1313893.9
43 16 -76701.6663
44 16 -48475.2159
45 16 33314.1275
46 16 -3217186.24
47 16 1590320.72
48 16 -775766.087
49 16 -47850.4203
50 16 -33169.5219
51 16 23625.5126
52 16 -2077314.35
53 16 1001116.37
54 16 -415759.722
55 16 -42672.8003
56 16 -29444.2892
57 16 20938.0158
58 16 -1803673.42
59 16 880311.914
60 16 -295854.778
61 16 -18044.6708
62 16 -10776.3338
63 16 41175.4978
64 16 739009.579
65 16 -1304155.46
66 16 376466.233
67 16 -17650.848
68 16 -10312.5711
69 16 41630.5591
70 16 718626.352
71 16 -1323203.24
72 16 379943.795
73 16 -15618.6494
74 16 -9713.41367
75 16 41882.8837
76 16 649508.014
77 16 -1332033.34
78 16 366954.687
79 16 -13989.793
80 16 -9128.74427
81 16 40415.3523
82 16 587574.02
83 16 -1284265.53
84 16 349566.295
85 16 -12645.0994
86 16 -7322.54158
87 16 27090.2519
88 16 504397.716
89 16 -849226.583
90 16 258779.808
91 16 -11193.6656
92 16 -6939.62874
93 16 26395.5066
94 16 451931.01
95 16 -827592.465
96 16 240329.066
97 16 -10327.0375
98 16 -6435.80502
99 16 25681.3147
100 16 414646.709
101 16 -799935.985
102 16 225609.676
103 16 -9852.32246
104 16 -6323.93584
105 16 25455.0933
106 16 396884.604
107 16 -790702.439
108 16 219385.908
109 16 -8761.18238
110 16 -5350.52306
111 16 21879.6331
112 16 340813.025
113 16 -672676.523
114 16 191254.354
115 16 -8334.21908
116 16 -5090.97062
117 16 21135.5777
118 16 323616.653
119 16 -645361.458
120 16 179151.575
1 17 237947.264
2 17 166369.503
3 17 786450.956
4 17 1686132.62
5 17 -33650290.7
6 17 5095687.05
7 17 461335.362
8 17 344555.967
9 17 1700096.93
10 17 3858405.07
11 17 -71557420.9
12 17 11073087
13 17 -4400965.19
14 17 -3143740.78
15 17 -11907243.7
16 17 56763056.2
17 17 531987001
18 17 -52910666.6
19 17 1620081.96
20 17 1155253.31
21 17 4219440.93
22 17 -19337876.5
23 17 -189141475
24 17 19458982.5
25 17 936828.017
26 17 817205.618
27 17 2418998.75
28 17 -6465640.84
29 17 -109255127
30 17 12199005.1
31 17 69557.8179
32 17 7829.6434
33 17 266350.902
34 17 -1724103.66
35 17 -9523889.78
36 17 1478264.47
37 17 154435.866
38 17 121831.979
39 17 316512.786
40 17 -3189465.61
41 17 -13819541.1
42 17 720375.512
43 17 145868.02
44 17 98499.2016
45 17 270359.941
46 17 -2431578.71
47 17 -11718095.3
48 17 622470.231
49 17 116602.96
50 17 68265.6625
51 17 205398.226
52 17 -1767418.37
53 17 -8716228.13
54 17 453454.002
55 17 78552.8486
56 17 47583.2383
57 17 140318.26
58 17 -1242812.24
59 17 -5918915.79
60 17 225976.437
61 17 20550.6059
62 17 3942.11022
63 17 79376.9422
64 17 -563295.806
65 17 -2789349.88
66 17 453916.146
67 17 19149.6429
68 17 3079.51936
69 17 77116.6324
70 17 -510428.107
71 17 -2684557.49
72 17 444813.641
73 17 18545.3678
74 17 3072.875
75 17 78178.8681
76 17 -487524.463
77 17 -2689072.52
78 17 453843.804
79 17 16682.0505
80 17 2534.78588
81 17 73726.0842
82 17 -429243.288
83 17 -2512084.04
84 17 438394.907
85 17 12471.7134
86 17 2371.90256
87 17 50572.555
88 17 -340148.878
89 17 -1752331.35
90 17 289752.808
91 17 11767.2189
92 17 2276.61982
93 17 48036.1742
94 17 -320055.278
95 17 -1656457.88
96 17 275607.198
97 17 11235.5811
98 17 2169.83241
99 17 46113.3213
100 17 -304408.879
101 17 -1579204.76
102 17 261532.088
103 17 10867.5699
104 17 2093.87376
105 17 44900.9676
106 17 -293019.166
107 17 -1530720.08
108 17 253681.657
109 17 9547.31321
110 17 1997.46721
111 17 38581.9576
112 17 -258651.727
113 17 -1299109.44
114 17 220297.102
115 17 9181.32232
116 17 2015.90001
117 17 36863.4038
118 17 -249743.705
119 17 -1235948.52
120 17 209832.712
1 18 6443.33113
2 18 -41399.2636
3 18 -41532.6709
4 18 -1638146.58
5 18 1340727.86
6 18 -1025560.55
7 18 9225.61436
8 18 -85144.4303
9 18 -94071.3636
10 18 -3197600.56
11 18 3248617.73
12 18 -2059171.15
13 18 767442.844
14 18 1361866.26
15 18 694323.635
16 18 45067433.8
17 18 -52910666.6
18 18 39748808.5
19 18 -332184.72
20 18 -580591.532
21 18 -187892.863
22 18 -20908806.7
23 18 19079647.4
24 18 -18580142.9
25 18 -224967.567
26 18 -411772.272
27 18 -170519.229
28 18 -13583357.6
29 18 14593077.4
30 18 -11833279.3
31 18 -22624.8474
32 18 -7792.74596
33 18 -3972.28074
34 18 750685.077
35 18 102335.162
36 18 210528.239
37 18 -35129.2358
38 18 -34478.1616
39 18 -36812.1354
40 18 -325090.214
41 18 2443526.5
42 18 -682505.323
43 18 -23139.2212
44 18 -25100.2878
45 18 -32488.6824
46 18 -31861.5513
47 18 1876587.2
48 18 -492477.031
49 18 -13880.1335
50 18 -16395.7628
51 18 -25537.2664
52 18 110804.44
53 18 1315067.32
54 18 -334896.282
55 18 -9031.27819
56 18 -11776.2479
57 18 -18532.0951
58 18 108082.335
59 18 932827.481
60 18 -230858.839
61 18 -5363.73316
62 18 -2061.91227
63 18 -620.672535
64 18 176193.906
65 18 14657.0971
66 18 56829.578
67 18 -5428.26066
68 18 -2094.2877
69 18 -526.139877
70 18 179222.199
71 18 12161.2321
72 18 57699.8709
73 18 -4890.88064
74 18 -2016.95705
75 18 -827.898039
76 18 160713.308
77 18 18749.2379
78 18 51421.5636
79 18 -4344.5386
80 18 -1907.17657
81 18 -552.273
82 18 142947.033
83 18 9374.45129
84 18 47727.5712
85 18 -3771.30953
86 18 -1511.32004
87 18 29.9352315
88 18 126164.436
89 18 -1282.00022
90 18 46156.8661
91 18 -3280.21541
92 18 -1405.82188
93 18 258.095957
94 18 109717.511
95 18 -10793.3615
96 18 42382.1907
97 18 -2989.51375
98 18 -1268.6295
99 18 164.929781
100 18 98796.3427
101 18 -6806.11887
102 18 37534.7141
103 18 -2811.03536
104 18 -1230.5658
105 18 296.049305
106 18 92772.5408
107 18 -11601.0954
108 18 36367.1785
109 18 -2573.19219
110 18 -1186.00613
111 18 -0.233339366
112 18 84113.6445
113 18 -1677.60168
114 18 31743.4175
115 18 -2340.32382
116 18 -1082.61509
117 18 0.90392121
118 18 75765.888
119 18 -1638.87726
120 18 28845.4471
1 19 -1293.14483
2 19 -1968.13721
3 19 -3162.20994
4 19 -45802.3827
5 19 139319.903
6 19 -22625.6019
7 19 -2295.78763
8 19 -3348.05587
9 19 -5519.22805
10 19 -74626.3929
11 19 242765.154
12 19 -41452.4371
13 19 -33329.04
14 19 -33341.8664
15 19 -22812.138
16 19 -1038578.2
17 19 1620081.96
18 19 -332184.72
19 19 112502.879
20 19 115289.593
21 19 86414.39
22 19 3308645.15
23 19 -5649371.8
24 19 1073605.93
25 19 -47768.2618
26 19 -59576.411
27 19 -27152.2367
28 19 -1849033.53
29 19 2073762.7
30 19 -504095.991
31 19 -1967.89139
32 19 -988.786407
33 19 -1388.87068
34 19 74316.7208
35 19 56622.6551
36 19 3968.81944
37 19 -6186.2613
38 19 -2497.02632
39 19 -6512.37924
40 19 -10293.4189
41 19 325871.857
42 19 -17832.9778
43 19 -4836.40859
44 19 -2012.51933
45 19 -5395.33851
46 19 354.629533
47 19 261935.673
48 19 -14842.3336
49 19 -3452.64549
50 19 -1357.18173
51 19 -3890.99905
52 19 3211.07337
53 19 184407.565
54 19 -7614.83563
55 19 -2659.52608
56 19 -969.222076
57 19 -2827.94545
58 19 -367.112177
59 19 134390.026
60 19 -2942.4959
61 19 -431.246906
62 19 -234.306644
63 19 -250.502594
64 19 16307.9582
65 19 10629.6034
66 19 756.165125
67 19 -408.33846
68 19 -217.05941
69 19 -221.456443
70 19 15295.8747
71 19 9293.50451
72 19 850.903495
73 19 -380.095177
74 19 -210.179908
75 19 -221.500701
76 19 14275.8341
77 19 9026.2672
78 19 703.364665
79 19 -334.779343
80 19 -182.842567
81 19 -218.737978
82 19 12520.1429
83 19 8633.65219
84 19 373.833623
85 19 -268.312771
86 19 -144.106256
87 19 -178.086235
88 19 9960.44231
89 19 7121.74758
90 19 429.98417
91 19 -245.799456
92 19 -134.5702
93 19 -156.367351
94 19 9162.28599
95 19 6218.35326
96 19 380.959072
97 19 -228.740524
98 19 -124.538721
99 19 -145.742565
100 19 8486.99867
101 19 5765.58349
102 19 346.436546
103 19 -217.652571
104 19 -119.091999
105 19 -129.37531
106 19 8080.76903
107 19 5154.13438
108 19 364.00217
109 19 -194.999604
110 19 -106.301033
111 19 -120.000613
112 19 7158.64201
113 19 4638.25091
114 19 333.35536
115 19 -185.966183
116 19 -102.89517
117 19 -111.708463
118 19 6861.20915
119 19 4356.99776
120 19 296.18584
1 20 819.731113
2 20 -3846.69253
3 20 -1793.5378
4 20 -145205.524
5 20 72947.2366
6 20 -34541.327
7 20 1220.66889
8 20 -6397.31263
9 20 -3242.20508
10 20 -235899.583
11 20 132464.782
12 20 -67528.7577
13 20 -32011.9068
14 20 -96466.7593
15 20 11905.6409
16 20 -3593680.83
17 20 1155253.31
18 20 -580591.532
19 20 115289.593
20 20 284170.078
21 20 -11799.7733
22 20 10108384
23 20 -4360169.36
24 20 1922062.33
25 20 -59656.6245
26 20 -146584.687
27 20 9416.01577
28 20 -5099818.28
29 20 2027389.64
30 20 -959620.387
31 20 -2778.53516
32 20 -1294.17396
33 20 858.193585
34 20 112473.47
35 20 -17657.8902
36 20 28340.7253
37 20 -5207.34755
38 20 -3856.89348
39 20 -2793.49928
40 20 -92970.2183
41 20 252529.574
42 20 -47172.7092
43 20 -3874.71193
44 20 -3020.16099
45 20 -2445.90855
46 20 -58388.8785
47 20 199267.862
48 20 -31903.8264
49 20 -2580.51599
50 20 -2058.68544
51 20 -1559.40726
52 20 -39240.9504
53 20 130889.988
54 20 -17753.2243
55 20 -1992.93708
56 20 -1597.66373
57 20 -834.556917
58 20 -38236.5488
59 20 91052.8737
60 20 -10890.2399
61 20 -626.196369
